[0.599518, 0.599518, 0.530241], 375.301212, white
[0.469242, 0.752073, 0.462814], 155.569920, green
[0.599116, 0.599116, 0.531149], 397.251809, white
[0.450264, 0.781708, 0.431503], 159.906223, green
[0.577350, 0.577350, 0.577350], 441.672956, white
[0.613112, 0.594533, 0.520216], 215.295146, white
[0.869836, 0.388868, 0.303590], 293.158660, orange
[0.724248, 0.620000, 0.301770], 182.258059, yellow
[0.936878, 0.249834, 0.244629], 192.127562, red
[0.908273, 0.295838, 0.295838], 192.673299, red
[0.924417, 0.275124, 0.264119], 181.736072, red
[0.629943, 0.585580, 0.510165], 225.417391, white
[0.905337, 0.344383, 0.248524], 281.662919, orange
[0.925034, 0.299276, 0.233979], 183.777039, orange
[0.419976, 0.820568, 0.387670], 154.770798, green
[0.914910, 0.330690, 0.231483], 181.438695, orange
[0.676343, 0.676343, 0.291756], 377.027850, yellow
[0.678252, 0.675414, 0.289463], 352.376219, yellow
[0.430258, 0.583922, 0.688413], 162.692962, blue
[0.606341, 0.596830, 0.525495], 420.555585, white
[0.682133, 0.669730, 0.293524], 241.888404, yellow
[0.306987, 0.562809, 0.767467], 156.358562, blue
[0.690652, 0.664258, 0.285939], 227.321358, yellow
[0.398503, 0.834958, 0.379526], 158.091746, green
[0.915678, 0.327424, 0.233082], 180.194340, orange
[0.932375, 0.304674, 0.194551], 272.422466, orange
[0.922426, 0.291292, 0.253532], 185.380689, red
[0.904676, 0.351227, 0.241247], 281.868764, orange
[0.618143, 0.590548, 0.518799], 181.187748, white
[0.387864, 0.545639, 0.742859], 152.115088, blue
[0.931468, 0.290399, 0.219169], 182.507534, orange
[0.405973, 0.830682, 0.380990], 160.109338, green
[0.442710, 0.796878, 0.411088], 158.117045, green
[0.673140, 0.673140, 0.306213], 378.821858, yellow
[0.687107, 0.671724, 0.276894], 195.020512, yellow
[0.909309, 0.341715, 0.237463], 172.658623, red
[0.516475, 0.522698, 0.678263], 160.704698, blue
[0.383562, 0.533086, 0.754122], 153.821325, blue
[0.413618, 0.647113, 0.640441], 149.896631, white
[0.396411, 0.812003, 0.428380], 156.403325, green
[0.407282, 0.565331, 0.717302], 164.505319, blue
[0.666376, 0.666376, 0.334495], 382.666957, yellow
[0.688000, 0.665256, 0.289983], 175.872113, yellow
[0.898524, 0.365207, 0.243471], 172.505072, red
[0.528274, 0.522131, 0.669556], 162.794349, blue
[0.371835, 0.528397, 0.763240], 153.293835, blue
[0.433341, 0.790210, 0.433341], 156.920362, green
[0.403314, 0.541953, 0.737309], 158.685223, blue
[0.921518, 0.305355, 0.239922], 183.393021, orange
[0.422384, 0.820282, 0.385655], 163.358501, green
[0.473418, 0.768536, 0.430380], 162.646857, green
[0.907284, 0.355798, 0.224152], 281.058713, orange
[0.906639, 0.316519, 0.278966], 186.402790, red
[0.905446, 0.351526, 0.237901], 281.629189, orange
[0.620538, 0.589511, 0.517115], 193.380454, white
[0.946553, 0.266580, 0.181584], 258.833924, orange
[0.943227, 0.270281, 0.193058], 181.292581, orange
[0.955977, 0.210105, 0.204852], 190.381197, red
[0.942210, 0.269990, 0.198360], 181.488292, orange
[0.952425, 0.225999, 0.204476], 185.841330, red
[0.940410, 0.240446, 0.240446], 187.152344, red
[0.936676, 0.247627, 0.247627], 185.763290, red
[0.596425, 0.601872, 0.531063], 367.187963, white
[0.440627, 0.774436, 0.453979], 149.786515, green
[0.597643, 0.595223, 0.537152], 413.290455, white
[0.611577, 0.598184, 0.517831], 224.011160, white
[0.906132, 0.344685, 0.245189], 281.416062, orange
[0.700693, 0.657668, 0.276589], 162.696036, yellow
[0.596925, 0.596925, 0.536062], 427.189653, white
[0.447532, 0.766229, 0.461094], 147.475422, green
[0.376100, 0.831380, 0.409092], 151.555270, green
[0.402406, 0.613504, 0.679472], 151.588258, blue
[0.680649, 0.677980, 0.277598], 374.642496, yellow
[0.921683, 0.303481, 0.241661], 177.935382, red
[0.666376, 0.666376, 0.334495], 382.666957, yellow
[0.926796, 0.279155, 0.251240], 179.111697, red
[0.273298, 0.533582, 0.800374], 153.678235, blue
[0.606424, 0.601057, 0.520558], 186.338402, white
[0.376815, 0.846180, 0.376815], 151.267974, green
[0.446726, 0.806774, 0.386718], 149.979999, green
[0.936924, 0.290263, 0.194733], 272.167228, orange
[0.940376, 0.243201, 0.237796], 185.032430, red
[0.913638, 0.333209, 0.232888], 279.103923, orange
[0.639346, 0.583084, 0.501248], 195.512148, white
[0.350841, 0.612252, 0.708561], 145.365058, blue
[0.927655, 0.303492, 0.217598], 174.633903, orange
[0.938018, 0.284823, 0.197478], 263.321097, orange
[0.944622, 0.265157, 0.193344], 181.024860, orange
[0.956548, 0.211392, 0.200822], 189.222092, red
[0.948120, 0.257582, 0.186336], 182.466435, orange
[0.955521, 0.211165, 0.205886], 189.425447, red
[0.943400, 0.234517, 0.234517], 187.619295, red
[0.940318, 0.243376, 0.237845], 180.789933, red
[0.622196, 0.591086, 0.513312], 192.865238, white
[0.593472, 0.598771, 0.537834], 377.440061, white
[0.620290, 0.594444, 0.511739], 193.458006, white
[0.922015, 0.318185, 0.220560], 276.568256, orange
[0.696442, 0.662744, 0.275207], 178.047746, yellow
[0.597007, 0.599463, 0.533129], 407.030711, white
[0.404805, 0.809610, 0.425045], 148.219432, green
[0.577350, 0.577350, 0.577350], 441.672956, white
[0.408203, 0.809713, 0.421586], 149.435605, green
[0.363530, 0.846033, 0.389968], 151.294415, green
[0.367805, 0.601862, 0.708860], 149.535949, blue
[0.685873, 0.675114, 0.271660], 371.788919, yellow
[0.693764, 0.671018, 0.261583], 175.852211, yellow
[0.948639, 0.226380, 0.220990], 185.528973, red
[0.344316, 0.532715, 0.773086], 153.928555, blue
[0.259828, 0.532647, 0.805467], 153.948043, blue
[0.389458, 0.825123, 0.409261], 151.492574, green
[0.271392, 0.523398, 0.807713], 154.757875, blue
[0.607165, 0.597372, 0.523925], 204.227814, white
[0.363960, 0.835761, 0.411140], 148.367786, green
[0.368448, 0.623012, 0.690002], 149.274914, blue
[0.678407, 0.678407, 0.282005], 375.880300, yellow
[0.909828, 0.336115, 0.243393], 172.560134, red
[0.679418, 0.679418, 0.277096], 375.321196, yellow
[0.933132, 0.265032, 0.242946], 181.110464, red
[0.372046, 0.850390, 0.372046], 150.519102, green
[0.437855, 0.809368, 0.391416], 150.734867, green
[0.924174, 0.318931, 0.210204], 275.922090, orange
[0.937205, 0.254616, 0.238364], 184.591441, red
[0.919877, 0.324662, 0.220049], 277.211111, orange
[0.616572, 0.593904, 0.516833], 220.574251, white
[0.312958, 0.552671, 0.772407], 150.179892, blue
[0.938855, 0.279421, 0.201183], 178.941331, orange
[0.280400, 0.573841, 0.769469], 153.352535, blue
[0.325555, 0.536208, 0.778778], 156.655673, blue
[0.255316, 0.517015, 0.817012], 156.668440, blue
[0.334034, 0.533170, 0.777272], 155.672734, blue
[0.312533, 0.520888, 0.794354], 153.583853, blue
[0.941586, 0.271398, 0.199395], 180.546393, orange
[0.277859, 0.529871, 0.801268], 154.754645, blue
[0.300653, 0.526142, 0.795476], 159.652748, blue
[0.926835, 0.292093, 0.235922], 178.025279, orange
[0.339746, 0.529220, 0.777496], 153.055545, blue
